name: seecology
channels:
  - conda-forge
  - defaults
dependencies:
  - _libgcc_mutex=0.1=main
  - backports=1.0=py_2
  - backports.functools_lru_cache=1.6.1=py_0
  - backports_abc=0.5=py_1
  - bzip2=1.0.8=h516909a_3
  - ca-certificates=2020.12.5=ha878542_0
  - certifi=2019.11.28=py27h8c360ce_1
  - cffi=1.14.0=py27he30daa8_1
  - cycler=0.10.0=py_2
  - decorator=4.4.2=py_0
  - enum34=1.1.10=py27h8c360ce_1
  - ffmpeg=4.3.1=h3215721_1
  - freetype=2.10.4=h7ca028e_0
  - funcsigs=1.0.2=py_3
  - functools32=3.2.3.2=py_3
  - futures=3.3.0=py27h8c360ce_1
  - gettext=0.19.8.1=h5e8e0c9_1
  - gmp=6.2.1=h58526e2_0
  - gnutls=3.6.13=h85f3911_1
  - icu=64.2=he1b5a44_1
  - joblib=0.14.1=pyh9f0ad1d_0
  - kiwisolver=1.1.0=py27h9e3301b_1
  - lame=3.100=h14c3975_1001
  - libblas=3.9.0=7_openblas
  - libcblas=3.9.0=7_openblas
  - libedit=3.1.20191231=h14c3975_1
  - libffi=3.3=he6710b0_2
  - libflac=1.3.3=he1b5a44_0
  - libgcc-ng=9.1.0=hdf63c60_0
  - libgfortran-ng=7.5.0=h14aa051_18
  - libgfortran4=7.5.0=h14aa051_18
  - libiconv=1.16=h516909a_0
  - liblapack=3.9.0=7_openblas
  - libllvm8=8.0.1=hc9558a2_0
  - libogg=1.3.2=h516909a_1002
  - libopenblas=0.3.12=pthreads_hb3c22a3_1
  - libpng=1.6.37=h21135ba_2
  - librosa=0.7.2=py_1
  - libsndfile=1.0.29=he1b5a44_0
  - libstdcxx-ng=9.1.0=hdf63c60_0
  - libvorbis=1.3.7=he1b5a44_0
  - llvmlite=0.31.0=py27h5ee40b5_1
  - matplotlib-base=2.2.5=py27h250f245_1
  - ncurses=6.2=he6710b0_1
  - nettle=3.6=he412f7d_0
  - numba=0.47.0=py27hb3f55d8_0
  - openh264=2.1.1=h8b12597_0
  - pip=19.3.1=py27_0
  - pycparser=2.20=pyh9f0ad1d_2
  - pyparsing=2.4.7=pyh9f0ad1d_0
  - python=2.7.18=h15b4118_1
  - python-dateutil=2.8.1=py_0
  - python_abi=2.7=1_cp27mu
  - readline=8.0=h7b6447c_0
  - resampy=0.2.2=py_0
  - setuptools=44.0.0=py27_0
  - singledispatch=3.4.0.3=pyh9f0ad1d_1001
  - six=1.15.0=pyh9f0ad1d_0
  - sqlite=3.33.0=h62c20be_0
  - subprocess32=3.5.4=py27h516909a_0
  - tk=8.6.10=hbc83047_0
  - tornado=5.1.1=py27h14c3975_1000
  - wheel=0.36.2=pyhd3eb1b0_0
  - x264=1!152.20180806=h14c3975_0
  - zlib=1.2.11=h7b6447c_3
  - pip:
    - audioread==2.1.9
    - click==7.1.2
    - cloudpickle==1.3.0
    - flask==1.0.2
    - itsdangerous==1.1.0
    - jinja2==2.11.2
    - markupsafe==1.1.1
    - networkx==2.2
    - numpy==1.16.6
    - pandas==0.24.2
    - pillow==5.4.1
    - pysoundfile==0.9.0.post1
    - pytz==2020.5
    - pywavelets==1.0.3
    - scikit-image==0.14.5
    - scikit-learn==0.20.4
    - scipy==1.2.3
    - sklearn==0.0
    - werkzeug==1.0.1
prefix: C:/Users/Clausius/anaconda3/envs/seecology

